drop:0.300217393571702
move:0.12635316457515916
pick:0.3216235158060965
