drop:0.36643655552377014
move:0.26596817304328646
pick:0.44784068659132636
