drop:0.2279115804944
move:0.5808971825640201
pick:0.49825145679592914
