drop:0.5349201469644591
move:0.5881117768274796
pick:0.7255195889264342
