drop:0.43132559887697663
move:0.49093838611846435
pick:0.48589181190607833
