drop:0.37557416660313253
move:0.524471033409179
pick:0.7455831224704077
