drop:0.4978924083205862
move:0.7617401901889987
pick:0.5880295866035293
