drop:0.36643655552377014
move:0.2582257704889865
pick:0.37135066724774485
