drop:0.3705690289263005
move:0.45738949343740226
pick:0.34072783412895513
