drop:0.3831760801009233
move:0.677475669762748
pick:0.4741299638047073
