drop:0.33191636959586324
move:0.4494788759768621
pick:0.4435708796877037
