drop:0.5110926028955269
move:0.22983068839524448
pick:0.10588759480415336
