drop:0.10762263161684589
move:0.9363955028094979
pick:0.8620987599356996
