drop:0.49064963244521576
move:0.23286633541385676
pick:0.2592693521349851
