drop:0.43982948319307397
move:0.2495370801615707
pick:0.10515925027720004
