drop:0.8143517782872887
move:0.9006668440444836
pick:0.8092133423931974
