drop:0.8420575422599406
move:0.04263853401576227
pick:0.9498030674262041
